%ракета
V=900;
teta_0=45*(3.1454/180);
fi_0=100*(3.1454/180);
r_0=20000;
K_gs=10;
etta_0=55*(3.1454/180);
K_my=2.14;
K_rp=1;
T_rp=0.3;
T_1=0.1;
T_f=0.7;

%цель
V_c=400;
teta_c=10*(3.1454/180);
dV_c=0;
dteta_c=0;